{
 "cells": [
  {
   "cell_type": "code",
   "execution_count": 80,
   "metadata": {},
   "outputs": [],
   "source": [
    "import matplotlib.pyplot as plt\n",
    "from scipy.interpolate import interpn\n",
    "from scipy.interpolate import LinearNDInterpolator\n",
    "\n",
    "\n"
   ]
  },
  {
   "cell_type": "code",
   "execution_count": null,
   "metadata": {},
   "outputs": [],
   "source": []
  },
  {
   "cell_type": "code",
   "execution_count": 81,
   "metadata": {},
   "outputs": [
    {
     "name": "stdout",
     "output_type": "stream",
     "text": [
      "[12.63]\n"
     ]
    }
   ],
   "source": [
    "import numpy as np\n",
    "from scipy.interpolate import interpn\n",
    "def value_func_3d(x, y, z):\n",
    "    return 2 * x + 3 * y - z\n",
    "x = np.linspace(0, 4, 5)\n",
    "y = np.linspace(0, 5, 6)\n",
    "z = np.linspace(0, 6, 7)\n",
    "points = (x, y, z)\n",
    "values = value_func_3d(*np.meshgrid(*points, indexing='ij'))\n",
    "point = np.array([2.21, 3.12, 1.15])\n",
    "print(interpn(points, values, point))"
   ]
  },
  {
   "cell_type": "code",
   "execution_count": 82,
   "metadata": {},
   "outputs": [
    {
     "data": {
      "text/plain": [
       "(array([[[0., 0., 0., 0., 0., 0., 0.],\n",
       "         [0., 0., 0., 0., 0., 0., 0.],\n",
       "         [0., 0., 0., 0., 0., 0., 0.],\n",
       "         [0., 0., 0., 0., 0., 0., 0.],\n",
       "         [0., 0., 0., 0., 0., 0., 0.],\n",
       "         [0., 0., 0., 0., 0., 0., 0.]],\n",
       " \n",
       "        [[1., 1., 1., 1., 1., 1., 1.],\n",
       "         [1., 1., 1., 1., 1., 1., 1.],\n",
       "         [1., 1., 1., 1., 1., 1., 1.],\n",
       "         [1., 1., 1., 1., 1., 1., 1.],\n",
       "         [1., 1., 1., 1., 1., 1., 1.],\n",
       "         [1., 1., 1., 1., 1., 1., 1.]],\n",
       " \n",
       "        [[2., 2., 2., 2., 2., 2., 2.],\n",
       "         [2., 2., 2., 2., 2., 2., 2.],\n",
       "         [2., 2., 2., 2., 2., 2., 2.],\n",
       "         [2., 2., 2., 2., 2., 2., 2.],\n",
       "         [2., 2., 2., 2., 2., 2., 2.],\n",
       "         [2., 2., 2., 2., 2., 2., 2.]],\n",
       " \n",
       "        [[3., 3., 3., 3., 3., 3., 3.],\n",
       "         [3., 3., 3., 3., 3., 3., 3.],\n",
       "         [3., 3., 3., 3., 3., 3., 3.],\n",
       "         [3., 3., 3., 3., 3., 3., 3.],\n",
       "         [3., 3., 3., 3., 3., 3., 3.],\n",
       "         [3., 3., 3., 3., 3., 3., 3.]],\n",
       " \n",
       "        [[4., 4., 4., 4., 4., 4., 4.],\n",
       "         [4., 4., 4., 4., 4., 4., 4.],\n",
       "         [4., 4., 4., 4., 4., 4., 4.],\n",
       "         [4., 4., 4., 4., 4., 4., 4.],\n",
       "         [4., 4., 4., 4., 4., 4., 4.],\n",
       "         [4., 4., 4., 4., 4., 4., 4.]]]),\n",
       " array([[[0., 0., 0., 0., 0., 0., 0.],\n",
       "         [1., 1., 1., 1., 1., 1., 1.],\n",
       "         [2., 2., 2., 2., 2., 2., 2.],\n",
       "         [3., 3., 3., 3., 3., 3., 3.],\n",
       "         [4., 4., 4., 4., 4., 4., 4.],\n",
       "         [5., 5., 5., 5., 5., 5., 5.]],\n",
       " \n",
       "        [[0., 0., 0., 0., 0., 0., 0.],\n",
       "         [1., 1., 1., 1., 1., 1., 1.],\n",
       "         [2., 2., 2., 2., 2., 2., 2.],\n",
       "         [3., 3., 3., 3., 3., 3., 3.],\n",
       "         [4., 4., 4., 4., 4., 4., 4.],\n",
       "         [5., 5., 5., 5., 5., 5., 5.]],\n",
       " \n",
       "        [[0., 0., 0., 0., 0., 0., 0.],\n",
       "         [1., 1., 1., 1., 1., 1., 1.],\n",
       "         [2., 2., 2., 2., 2., 2., 2.],\n",
       "         [3., 3., 3., 3., 3., 3., 3.],\n",
       "         [4., 4., 4., 4., 4., 4., 4.],\n",
       "         [5., 5., 5., 5., 5., 5., 5.]],\n",
       " \n",
       "        [[0., 0., 0., 0., 0., 0., 0.],\n",
       "         [1., 1., 1., 1., 1., 1., 1.],\n",
       "         [2., 2., 2., 2., 2., 2., 2.],\n",
       "         [3., 3., 3., 3., 3., 3., 3.],\n",
       "         [4., 4., 4., 4., 4., 4., 4.],\n",
       "         [5., 5., 5., 5., 5., 5., 5.]],\n",
       " \n",
       "        [[0., 0., 0., 0., 0., 0., 0.],\n",
       "         [1., 1., 1., 1., 1., 1., 1.],\n",
       "         [2., 2., 2., 2., 2., 2., 2.],\n",
       "         [3., 3., 3., 3., 3., 3., 3.],\n",
       "         [4., 4., 4., 4., 4., 4., 4.],\n",
       "         [5., 5., 5., 5., 5., 5., 5.]]]),\n",
       " array([[[0., 1., 2., 3., 4., 5., 6.],\n",
       "         [0., 1., 2., 3., 4., 5., 6.],\n",
       "         [0., 1., 2., 3., 4., 5., 6.],\n",
       "         [0., 1., 2., 3., 4., 5., 6.],\n",
       "         [0., 1., 2., 3., 4., 5., 6.],\n",
       "         [0., 1., 2., 3., 4., 5., 6.]],\n",
       " \n",
       "        [[0., 1., 2., 3., 4., 5., 6.],\n",
       "         [0., 1., 2., 3., 4., 5., 6.],\n",
       "         [0., 1., 2., 3., 4., 5., 6.],\n",
       "         [0., 1., 2., 3., 4., 5., 6.],\n",
       "         [0., 1., 2., 3., 4., 5., 6.],\n",
       "         [0., 1., 2., 3., 4., 5., 6.]],\n",
       " \n",
       "        [[0., 1., 2., 3., 4., 5., 6.],\n",
       "         [0., 1., 2., 3., 4., 5., 6.],\n",
       "         [0., 1., 2., 3., 4., 5., 6.],\n",
       "         [0., 1., 2., 3., 4., 5., 6.],\n",
       "         [0., 1., 2., 3., 4., 5., 6.],\n",
       "         [0., 1., 2., 3., 4., 5., 6.]],\n",
       " \n",
       "        [[0., 1., 2., 3., 4., 5., 6.],\n",
       "         [0., 1., 2., 3., 4., 5., 6.],\n",
       "         [0., 1., 2., 3., 4., 5., 6.],\n",
       "         [0., 1., 2., 3., 4., 5., 6.],\n",
       "         [0., 1., 2., 3., 4., 5., 6.],\n",
       "         [0., 1., 2., 3., 4., 5., 6.]],\n",
       " \n",
       "        [[0., 1., 2., 3., 4., 5., 6.],\n",
       "         [0., 1., 2., 3., 4., 5., 6.],\n",
       "         [0., 1., 2., 3., 4., 5., 6.],\n",
       "         [0., 1., 2., 3., 4., 5., 6.],\n",
       "         [0., 1., 2., 3., 4., 5., 6.],\n",
       "         [0., 1., 2., 3., 4., 5., 6.]]]))"
      ]
     },
     "execution_count": 82,
     "metadata": {},
     "output_type": "execute_result"
    }
   ],
   "source": [
    "np.meshgrid(*points, indexing='ij')"
   ]
  },
  {
   "cell_type": "markdown",
   "metadata": {},
   "source": [
    "interpn(points, values, xi, method='linear', bounds_error=True, fill_value=nan)\n",
    "\n",
    "methodstr, optional\n",
    "\n",
    "The method of interpolation to perform. \n",
    "Supported are “linear”, “nearest”, “slinear”, “cubic”, “quintic”, “pchip”, and “splinef2d”. “splinef2d” is only supported for 2-dimensional data."
   ]
  },
  {
   "cell_type": "code",
   "execution_count": 83,
   "metadata": {},
   "outputs": [],
   "source": [
    "def value_func(x,y):\n",
    "    return 2**(-(((x-0.5)**2 + (y-0.5)**2)**0.5)/0.1)"
   ]
  },
  {
   "cell_type": "markdown",
   "metadata": {},
   "source": [
    "Space"
   ]
  },
  {
   "cell_type": "code",
   "execution_count": 84,
   "metadata": {},
   "outputs": [
    {
     "data": {
      "text/plain": [
       "array([[0.00743698, 0.00944121, 0.01181592, 0.01454556, 0.01756744,\n",
       "        0.02075827, 0.02392786, 0.02682732, 0.0291771 , 0.03071447,\n",
       "        0.03125   , 0.03071447, 0.0291771 , 0.02682732, 0.02392786,\n",
       "        0.02075827, 0.01756744, 0.01454556, 0.01181592, 0.00944121,\n",
       "        0.00743698],\n",
       "       [0.00944121, 0.01214107, 0.01540137, 0.01922494, 0.02354677,\n",
       "        0.02820676, 0.03293057, 0.0373327 , 0.04095626, 0.04335396,\n",
       "        0.04419417, 0.04335396, 0.04095626, 0.0373327 , 0.03293057,\n",
       "        0.02820676, 0.02354677, 0.01922494, 0.01540137, 0.01214107,\n",
       "        0.00944121],\n",
       "       [0.01181592, 0.01540137, 0.01982062, 0.02511907, 0.03125   ,\n",
       "        0.03802282, 0.04505603, 0.0517606 , 0.05738806, 0.06116589,\n",
       "        0.0625    , 0.06116589, 0.05738806, 0.0517606 , 0.04505603,\n",
       "        0.03802282, 0.03125   , 0.02511907, 0.01982062, 0.01540137,\n",
       "        0.01181592],\n",
       "       [0.01454556, 0.01922494, 0.02511907, 0.03235769, 0.04095626,\n",
       "        0.05072488, 0.06116589, 0.07140225, 0.08021106, 0.08623791,\n",
       "        0.08838835, 0.08623791, 0.08021106, 0.07140225, 0.06116589,\n",
       "        0.05072488, 0.04095626, 0.03235769, 0.02511907, 0.01922494,\n",
       "        0.01454556],\n",
       "       [0.01756744, 0.02354677, 0.03125   , 0.04095626, 0.0528248 ,\n",
       "        0.06674831, 0.08215252, 0.09779456, 0.11170165, 0.12146552,\n",
       "        0.125     , 0.12146552, 0.11170165, 0.09779456, 0.08215252,\n",
       "        0.06674831, 0.0528248 , 0.04095626, 0.03125   , 0.02354677,\n",
       "        0.01756744],\n",
       "       [0.02075827, 0.02820676, 0.03802282, 0.05072488, 0.06674831,\n",
       "        0.08623791, 0.10870106, 0.13254223, 0.15468633, 0.17081307,\n",
       "        0.1767767 , 0.17081307, 0.15468633, 0.13254223, 0.10870106,\n",
       "        0.08623791, 0.06674831, 0.05072488, 0.03802282, 0.02820676,\n",
       "        0.02075827],\n",
       "       [0.02392786, 0.03293057, 0.04505603, 0.06116589, 0.08215252,\n",
       "        0.10870106, 0.14078572, 0.1767767 , 0.21226406, 0.23955805,\n",
       "        0.25      , 0.23955805, 0.21226406, 0.1767767 , 0.14078572,\n",
       "        0.10870106, 0.08215252, 0.06116589, 0.04505603, 0.03293057,\n",
       "        0.02392786],\n",
       "       [0.02682732, 0.0373327 , 0.0517606 , 0.07140225, 0.09779456,\n",
       "        0.13254223, 0.1767767 , 0.22983647, 0.28662262, 0.33421796,\n",
       "        0.35355339, 0.33421796, 0.28662262, 0.22983647, 0.1767767 ,\n",
       "        0.13254223, 0.09779456, 0.07140225, 0.0517606 , 0.0373327 ,\n",
       "        0.02682732],\n",
       "       [0.0291771 , 0.04095626, 0.05738806, 0.08021106, 0.11170165,\n",
       "        0.15468633, 0.21226406, 0.28662262, 0.37521423, 0.46072124,\n",
       "        0.5       , 0.46072124, 0.37521423, 0.28662262, 0.21226406,\n",
       "        0.15468633, 0.11170165, 0.08021106, 0.05738806, 0.04095626,\n",
       "        0.0291771 ],\n",
       "       [0.03071447, 0.04335396, 0.06116589, 0.08623791, 0.12146552,\n",
       "        0.17081307, 0.23955805, 0.33421796, 0.46072124, 0.61254733,\n",
       "        0.70710678, 0.61254733, 0.46072124, 0.33421796, 0.23955805,\n",
       "        0.17081307, 0.12146552, 0.08623791, 0.06116589, 0.04335396,\n",
       "        0.03071447],\n",
       "       [0.03125   , 0.04419417, 0.0625    , 0.08838835, 0.125     ,\n",
       "        0.1767767 , 0.25      , 0.35355339, 0.5       , 0.70710678,\n",
       "        1.        , 0.70710678, 0.5       , 0.35355339, 0.25      ,\n",
       "        0.1767767 , 0.125     , 0.08838835, 0.0625    , 0.04419417,\n",
       "        0.03125   ],\n",
       "       [0.03071447, 0.04335396, 0.06116589, 0.08623791, 0.12146552,\n",
       "        0.17081307, 0.23955805, 0.33421796, 0.46072124, 0.61254733,\n",
       "        0.70710678, 0.61254733, 0.46072124, 0.33421796, 0.23955805,\n",
       "        0.17081307, 0.12146552, 0.08623791, 0.06116589, 0.04335396,\n",
       "        0.03071447],\n",
       "       [0.0291771 , 0.04095626, 0.05738806, 0.08021106, 0.11170165,\n",
       "        0.15468633, 0.21226406, 0.28662262, 0.37521423, 0.46072124,\n",
       "        0.5       , 0.46072124, 0.37521423, 0.28662262, 0.21226406,\n",
       "        0.15468633, 0.11170165, 0.08021106, 0.05738806, 0.04095626,\n",
       "        0.0291771 ],\n",
       "       [0.02682732, 0.0373327 , 0.0517606 , 0.07140225, 0.09779456,\n",
       "        0.13254223, 0.1767767 , 0.22983647, 0.28662262, 0.33421796,\n",
       "        0.35355339, 0.33421796, 0.28662262, 0.22983647, 0.1767767 ,\n",
       "        0.13254223, 0.09779456, 0.07140225, 0.0517606 , 0.0373327 ,\n",
       "        0.02682732],\n",
       "       [0.02392786, 0.03293057, 0.04505603, 0.06116589, 0.08215252,\n",
       "        0.10870106, 0.14078572, 0.1767767 , 0.21226406, 0.23955805,\n",
       "        0.25      , 0.23955805, 0.21226406, 0.1767767 , 0.14078572,\n",
       "        0.10870106, 0.08215252, 0.06116589, 0.04505603, 0.03293057,\n",
       "        0.02392786],\n",
       "       [0.02075827, 0.02820676, 0.03802282, 0.05072488, 0.06674831,\n",
       "        0.08623791, 0.10870106, 0.13254223, 0.15468633, 0.17081307,\n",
       "        0.1767767 , 0.17081307, 0.15468633, 0.13254223, 0.10870106,\n",
       "        0.08623791, 0.06674831, 0.05072488, 0.03802282, 0.02820676,\n",
       "        0.02075827],\n",
       "       [0.01756744, 0.02354677, 0.03125   , 0.04095626, 0.0528248 ,\n",
       "        0.06674831, 0.08215252, 0.09779456, 0.11170165, 0.12146552,\n",
       "        0.125     , 0.12146552, 0.11170165, 0.09779456, 0.08215252,\n",
       "        0.06674831, 0.0528248 , 0.04095626, 0.03125   , 0.02354677,\n",
       "        0.01756744],\n",
       "       [0.01454556, 0.01922494, 0.02511907, 0.03235769, 0.04095626,\n",
       "        0.05072488, 0.06116589, 0.07140225, 0.08021106, 0.08623791,\n",
       "        0.08838835, 0.08623791, 0.08021106, 0.07140225, 0.06116589,\n",
       "        0.05072488, 0.04095626, 0.03235769, 0.02511907, 0.01922494,\n",
       "        0.01454556],\n",
       "       [0.01181592, 0.01540137, 0.01982062, 0.02511907, 0.03125   ,\n",
       "        0.03802282, 0.04505603, 0.0517606 , 0.05738806, 0.06116589,\n",
       "        0.0625    , 0.06116589, 0.05738806, 0.0517606 , 0.04505603,\n",
       "        0.03802282, 0.03125   , 0.02511907, 0.01982062, 0.01540137,\n",
       "        0.01181592],\n",
       "       [0.00944121, 0.01214107, 0.01540137, 0.01922494, 0.02354677,\n",
       "        0.02820676, 0.03293057, 0.0373327 , 0.04095626, 0.04335396,\n",
       "        0.04419417, 0.04335396, 0.04095626, 0.0373327 , 0.03293057,\n",
       "        0.02820676, 0.02354677, 0.01922494, 0.01540137, 0.01214107,\n",
       "        0.00944121],\n",
       "       [0.00743698, 0.00944121, 0.01181592, 0.01454556, 0.01756744,\n",
       "        0.02075827, 0.02392786, 0.02682732, 0.0291771 , 0.03071447,\n",
       "        0.03125   , 0.03071447, 0.0291771 , 0.02682732, 0.02392786,\n",
       "        0.02075827, 0.01756744, 0.01454556, 0.01181592, 0.00944121,\n",
       "        0.00743698]])"
      ]
     },
     "execution_count": 84,
     "metadata": {},
     "output_type": "execute_result"
    }
   ],
   "source": [
    "X = np.linspace(0, 1, 21)\n",
    "Y = np.linspace(0, 1, 21)\n",
    "\n",
    "points = (X, Y)\n",
    "GT_values = value_func(*np.meshgrid(*points, indexing='ij'))\n",
    "GT_values\n"
   ]
  },
  {
   "cell_type": "markdown",
   "metadata": {},
   "source": [
    "Start values"
   ]
  },
  {
   "cell_type": "code",
   "execution_count": 85,
   "metadata": {},
   "outputs": [
    {
     "name": "stdout",
     "output_type": "stream",
     "text": [
      "[[0.00743698 0.00944121 0.01181592 0.01454556 0.01756744 0.02075827\n",
      "  0.02392786 0.02682732 0.0291771  0.03071447 0.03125    0.03071447\n",
      "  0.0291771  0.02682732 0.02392786 0.02075827 0.01756744 0.01454556\n",
      "  0.01181592 0.00944121 0.00743698]\n",
      " [0.00944121 0.01214107 0.01540137 0.01922494 0.02354677 0.02820676\n",
      "  0.03293057 0.0373327  0.04095626 0.04335396 0.04419417 0.04335396\n",
      "  0.04095626 0.0373327  0.03293057 0.02820676 0.02354677 0.01922494\n",
      "  0.01540137 0.01214107 0.00944121]\n",
      " [0.01181592 0.01540137 0.01982062 0.02511907 0.03125    0.03802282\n",
      "  0.04505603 0.0517606  0.05738806 0.06116589 0.0625     0.06116589\n",
      "  0.05738806 0.0517606  0.04505603 0.03802282 0.03125    0.02511907\n",
      "  0.01982062 0.01540137 0.01181592]\n",
      " [0.01454556 0.01922494 0.02511907 0.03235769 0.04095626 0.05072488\n",
      "  0.06116589 0.07140225 0.08021106 0.08623791 0.08838835 0.08623791\n",
      "  0.08021106 0.07140225 0.06116589 0.05072488 0.04095626 0.03235769\n",
      "  0.02511907 0.01922494 0.01454556]\n",
      " [0.01756744 0.02354677 0.03125    0.04095626 0.0528248  0.06674831\n",
      "  0.08215252 0.09779456 0.11170165 0.12146552 0.125      0.12146552\n",
      "  0.11170165 0.09779456 0.08215252 0.06674831 0.0528248  0.04095626\n",
      "  0.03125    0.02354677 0.01756744]\n",
      " [0.02075827 0.02820676 0.03802282 0.05072488 0.06674831 0.08623791\n",
      "  0.10870106 0.13254223 0.15468633 0.17081307 0.1767767  0.17081307\n",
      "  0.15468633 0.13254223 0.10870106 0.08623791 0.06674831 0.05072488\n",
      "  0.03802282 0.02820676 0.02075827]\n",
      " [0.02392786 0.03293057 0.04505603 0.06116589 0.08215252 0.10870106\n",
      "  0.14078572 0.1767767  0.21226406 0.23955805 0.25       0.23955805\n",
      "  0.21226406 0.1767767  0.14078572 0.10870106 0.08215252 0.06116589\n",
      "  0.04505603 0.03293057 0.02392786]\n",
      " [0.02682732 0.0373327  0.0517606  0.07140225 0.09779456 0.13254223\n",
      "  0.1767767  0.22983647 0.28662262 0.33421796 0.35355339 0.33421796\n",
      "  0.28662262 0.22983647 0.1767767  0.13254223 0.09779456 0.07140225\n",
      "  0.0517606  0.0373327  0.02682732]\n",
      " [0.0291771  0.04095626 0.05738806 0.08021106 0.11170165 0.15468633\n",
      "  0.21226406 0.28662262 0.37521423 0.46072124 0.5        0.46072124\n",
      "  0.37521423 0.28662262 0.21226406 0.15468633 0.11170165 0.08021106\n",
      "  0.05738806 0.04095626 0.0291771 ]\n",
      " [0.03071447 0.04335396 0.06116589 0.08623791 0.12146552 0.17081307\n",
      "  0.23955805 0.33421796 0.46072124 0.61254733 0.70710678 0.61254733\n",
      "  0.46072124 0.33421796 0.23955805 0.17081307 0.12146552 0.08623791\n",
      "  0.06116589 0.04335396 0.03071447]\n",
      " [0.03125    0.04419417 0.0625     0.08838835 0.125      0.1767767\n",
      "  0.25       0.35355339 0.5        0.70710678 1.         0.70710678\n",
      "  0.5        0.35355339 0.25       0.1767767  0.125      0.08838835\n",
      "  0.0625     0.04419417 0.03125   ]\n",
      " [0.03071447 0.04335396 0.06116589 0.08623791 0.12146552 0.17081307\n",
      "  0.23955805 0.33421796 0.46072124 0.61254733 0.70710678 0.61254733\n",
      "  0.46072124 0.33421796 0.23955805 0.17081307 0.12146552 0.08623791\n",
      "  0.06116589 0.04335396 0.03071447]\n",
      " [0.0291771  0.04095626 0.05738806 0.08021106 0.11170165 0.15468633\n",
      "  0.21226406 0.28662262 0.37521423 0.46072124 0.5        0.46072124\n",
      "  0.37521423 0.28662262 0.21226406 0.15468633 0.11170165 0.08021106\n",
      "  0.05738806 0.04095626 0.0291771 ]\n",
      " [0.02682732 0.0373327  0.0517606  0.07140225 0.09779456 0.13254223\n",
      "  0.1767767  0.22983647 0.28662262 0.33421796 0.35355339 0.33421796\n",
      "  0.28662262 0.22983647 0.1767767  0.13254223 0.09779456 0.07140225\n",
      "  0.0517606  0.0373327  0.02682732]\n",
      " [0.02392786 0.03293057 0.04505603 0.06116589 0.08215252 0.10870106\n",
      "  0.14078572 0.1767767  0.21226406 0.23955805 0.25       0.23955805\n",
      "  0.21226406 0.1767767  0.14078572 0.10870106 0.08215252 0.06116589\n",
      "  0.04505603 0.03293057 0.02392786]\n",
      " [0.02075827 0.02820676 0.03802282 0.05072488 0.06674831 0.08623791\n",
      "  0.10870106 0.13254223 0.15468633 0.17081307 0.1767767  0.17081307\n",
      "  0.15468633 0.13254223 0.10870106 0.08623791 0.06674831 0.05072488\n",
      "  0.03802282 0.02820676 0.02075827]\n",
      " [0.01756744 0.02354677 0.03125    0.04095626 0.0528248  0.06674831\n",
      "  0.08215252 0.09779456 0.11170165 0.12146552 0.125      0.12146552\n",
      "  0.11170165 0.09779456 0.08215252 0.06674831 0.0528248  0.04095626\n",
      "  0.03125    0.02354677 0.01756744]\n",
      " [0.01454556 0.01922494 0.02511907 0.03235769 0.04095626 0.05072488\n",
      "  0.06116589 0.07140225 0.08021106 0.08623791 0.08838835 0.08623791\n",
      "  0.08021106 0.07140225 0.06116589 0.05072488 0.04095626 0.03235769\n",
      "  0.02511907 0.01922494 0.01454556]\n",
      " [0.01181592 0.01540137 0.01982062 0.02511907 0.03125    0.03802282\n",
      "  0.04505603 0.0517606  0.05738806 0.06116589 0.0625     0.06116589\n",
      "  0.05738806 0.0517606  0.04505603 0.03802282 0.03125    0.02511907\n",
      "  0.01982062 0.01540137 0.01181592]\n",
      " [0.00944121 0.01214107 0.01540137 0.01922494 0.02354677 0.02820676\n",
      "  0.03293057 0.0373327  0.04095626 0.04335396 0.04419417 0.04335396\n",
      "  0.04095626 0.0373327  0.03293057 0.02820676 0.02354677 0.01922494\n",
      "  0.01540137 0.01214107 0.00944121]\n",
      " [0.00743698 0.00944121 0.01181592 0.01454556 0.01756744 0.02075827\n",
      "  0.02392786 0.02682732 0.0291771  0.03071447 0.03125    0.03071447\n",
      "  0.0291771  0.02682732 0.02392786 0.02075827 0.01756744 0.01454556\n",
      "  0.01181592 0.00944121 0.00743698]]"
     ]
    },
    {
     "name": "stdout",
     "output_type": "stream",
     "text": [
      "\n"
     ]
    },
    {
     "data": {
